5. Pattern "Spaceship" (vaisseau plus complexe)
00000000000000000000
00000000000000000000
00000000000000000000
00000000001000000000
00000000001000000000
00000000000101000000
00000000000101000000
00000000001010000000
00000000001000000000
00000000000100000000
00000000001000000000
00000000000100000000
00000000001000000000
00000000000000000000
00000000000000000000
00000000000000000000
00000000000000000000
00000000000000000000
00000000000000000000
00000000000000000000

2. Oscillateur "Blinker" (Blinker 3-cycle)
00000000000000000000
00000000000000000000
00000000000000000000
00000000000000000000
00000000000000000000
00000000011100000000
00000000000000000000
00000000000000000000
00000000000000000000
00000000000000000000
00000000000000000000
00000000000000000000
00000000000000000000
00000000000000000000
00000000000000000000
00000000000000000000
00000000000000000000
00000000000000000000
00000000000000000000
00000000000000000000

Pattern "Spaceship" (vaisseau plus complexe)
00000000000000000000
00000000000000000000
00000000000000000000
00000000001000000000
00000000001000000000
00000000000101000000
00000000000101000000
00000000001010000000
00000000001000000000
00000000000100000000
00000000001000000000
00000000000100000000
00000000001000000000
00000000000000000000
00000000000000000000
00000000000000000000
00000000000000000000
00000000000000000000
00000000000000000000

Blip Synth (Structure symétrique avec un "blip")
00000000000000000000
00000000000000000000
00000000000001000000
00000000000101000000
00000000000001000000
00000000000000000000
00000000000000000000
00000000000000000000
00000000000000000000
00000000000000000000
00000000000000000000
00000000000000000000
00000000000000000000
00000000000000000000
00000000000000000000
00000000000000000000
00000000000000000000
00000000000000000000
00000000000000000000